00001111010000000000000000000000
10010000000000000000000000101001
10111100101110100000000000000000
10110000011110100000000000000001
00001000100000000000000000000001
00000000010001000000000000000000
10111000011110100000000000000001
10110000111110100000000000000000
00001001000000000000000000000000
10101000110010000000000000001101
00001001100000000000000000000001
00000111000011000000000000000000
10001111110000000000000000000000
10110001111110100000000000000000
00001010000000000000000000000001
10101001110100000000000000010100
00001010100000000000000000000001
00000111000101000000000000000000
10001111110000000000000000000000
10010000000000000000000000101000
10110010111110100000000000000000
00001011000000000000000000000001
01100011010101101100000000000000
10100011010000000000000000100101
10110011101110100000000000000001
10110011111110100000000000000001
10110100001110100000000000000000
00100100010111110000000000000000
00000011101000100000000000000000
10111011101110100000000000000001
10110000011110100000000000000000
10110000101110100000000000000000
00001000110000000000000000000001
00010001000001000011000000000000
00000000010010000000000000000000
10111000011110100000000000000000
10010000000000000000000000010100
10110001011110100000000000000001
00000111000010100000000000000000
10001111110000000000000000000000
10001111110000000000000000000000
10110001101110100000000000000000
11000001110000000000000000000000
00000001100011100000000000000000
10111001101110100000000000000000
10110010001110100000000000000000
00000100100100000000000000000000
00001111011110100000000000000001
10011000000000000000000000000010
00011111011110100000000000000001
00000010011110000000000000000000
00000100100100100000000000000000
11001100100000000000000000000000
11011000000000000000000000000000
